2008-GANJIL|000000              |00000               |310700059           |DIAN ASTARI                             |                                        |31        |MATEMATIKA                              |2007|39|0000805000|SPP|0000805000|0000000000|0000000000|0000000000|0000000000|0000000000|0000000000|0000000000|0000000000|0000000000|250608|111036|7000042   |7541|042|0039 SPP                                
2008-GANJIL|000000              |00000               |410608685           |CHAIDIR                                 |                                        |41        |D2-PENJASKES                            |2006|39|0001105000|SPP|0001105000|0000000000|0000000000|0000000000|0000000000|0000000000|0000000000|0000000000|0000000000|0000000000|270608|134303|7000042   |7541|042|0039 SPP                                
2008-GANJIL|000000              |00000               |210700264           |UMI TIFANI                              |                                        |21        |PPKN                                    |2007|39|0000805000|SPP|0000805000|0000000000|0000000000|0000000000|0000000000|0000000000|0000000000|0000000000|0000000000|0000000000|010708|143205|7000042   |7541|042|0039 SPPDAFTAR ULANG                    
2008-GANJIL|000000              |00000               |210700067           |FITRI DWI PURWANTI                      |                                        |21        |PPKN                                    |2007|39|0000805000|SPP|0000805000|0000000000|0000000000|0000000000|0000000000|0000000000|0000000000|0000000000|0000000000|0000000000|030708|080621|0005850   |9031|160|0039 SPP 210700067/0708/0005850         
2008-GANJIL|000000              |00000               |219903755           |JEMI ERWAN                              |                                        |21        |PPKN                                    |1999|39|0000310000|SPP|0000310000|0000000000|0000000000|0000000000|0000000000|0000000000|0000000000|0000000000|0000000000|0000000000|040708|091204|7000042   |7541|042|0039 SPPDAFTAR ULANG                    
2008-GANJIL|000000              |00000               |410608812           |HERMANTO                                |                                        |41        |D2-PENJASKES                            |2006|39|0001105000|SPP|0001105000|0000000000|0000000000|0000000000|0000000000|0000000000|0000000000|0000000000|0000000000|0000000000|070708|094004|0006077   |9031|042|0039 SPP 410608812/0708/0006077         
2008-GANJIL|000000              |00000               |220700047           |BETTY LISIA                             |                                        |22        |SEJARAH                                 |2007|39|0000805000|SPP|0000805000|0000000000|0000000000|0000000000|0000000000|0000000000|0000000000|0000000000|0000000000|0000000000|090708|102421|7000042   |7541|042|0039 SPPSETORAN                         
2008-GANJIL|000000              |00000               |210406177           |PUSPASARI                               |                                        |21        |PPKN                                    |2004|39|0000525000|SPP|0000525000|0000000000|0000000000|0000000000|0000000000|0000000000|0000000000|0000000000|0000000000|0000000000|100708|081853|0005944   |9031|042|0039 SPP 210406177/0708/0005944         
2008-GANJIL|000000              |00000               |410608684           |CAPRIADI                                |                                        |41        |D2-PENJASKES                            |2006|39|0001105000|SPP|0001105000|0000000000|0000000000|0000000000|0000000000|0000000000|0000000000|0000000000|0000000000|0000000000|140708|150002|7000042   |7541|042|0039 SPP                                
2008-GANJIL|000000              |00000               |410608747           |ERA YULIANTIKA                          |                                        |41        |D2-PENJASKES                            |2006|39|0001105000|SPP|0001105000|0000000000|0000000000|0000000000|0000000000|0000000000|0000000000|0000000000|0000000000|0000000000|160708|092145|0005850   |9031|160|0039 SPP 410608747/0708/0005850         
2008-GANJIL|000000              |00000               |210608093           |ELISANDRA                               |                                        |21        |PPKN                                    |2006|39|0000805000|SPP|0000805000|0000000000|0000000000|0000000000|0000000000|0000000000|0000000000|0000000000|0000000000|0000000000|090708|102928|7000042   |7541|042|0039 SPP                                
2008-GANJIL|000000              |00000               |210406213           |SRI MADILA                              |                                        |21        |PPKN                                    |2004|39|0000525000|SPP|0000525000|0000000000|0000000000|0000000000|0000000000|0000000000|0000000000|0000000000|0000000000|0000000000|090708|103854|7000042   |7541|042|0039 SPP                                
2008-GANJIL|000000              |00000               |210406039           |DARMAYANTI                              |                                        |21        |PPKN                                    |2004|39|0000525000|SPP|0000525000|0000000000|0000000000|0000000000|0000000000|0000000000|0000000000|0000000000|0000000000|0000000000|090708|103927|7000042   |7541|042|0039 SPP                                
2008-GANJIL|000000              |00000               |410609125           |WANTI ANTI HAKIM                        |                                        |41        |D2-PENJASKES                            |2006|39|0001105000|SPP|0001105000|0000000000|0000000000|0000000000|0000000000|0000000000|0000000000|0000000000|0000000000|0000000000|090708|105857|7000042   |7541|042|0039 SPP                                
2008-GANJIL|000000              |00000               |120607816           |ELSY HARPENAS                           |                                        |12        |BIMBINGAN KONSELING                     |2006|39|0000805000|SPP|0000805000|0000000000|0000000000|0000000000|0000000000|0000000000|0000000000|0000000000|0000000000|0000000000|090708|110031|7000042   |7541|042|0039 SPP                                
2008-GANJIL|000000              |00000               |120607917           |NOVALIA KARTRES                         |                                        |12        |BIMBINGAN KONSELING                     |1991|39|0000805000|SPP|0000805000|0000000000|0000000000|0000000000|0000000000|0000000000|0000000000|0000000000|0000000000|0000000000|090708|110039|7000042   |7541|042|0039 SPP                                
2008-GANJIL|000000              |00000               |120607858           |HETTY ERIANI                            |                                        |12        |BIMBINGAN KONSELING                     |2006|39|0000805000|SPP|0000805000|0000000000|0000000000|0000000000|0000000000|0000000000|0000000000|0000000000|0000000000|0000000000|090708|112530|7000042   |7541|042|0039 SPP                                
2008-GANJIL|000000              |00000               |220700264           |RALIAN HASTUTI                          |                                        |22        |SEJARAH                                 |2007|39|0000805000|SPP|0000805000|0000000000|0000000000|0000000000|0000000000|0000000000|0000000000|0000000000|0000000000|0000000000|090708|112543|7000042   |7541|042|0039 SPP                                
2008-GANJIL|000000              |00000               |410608703           |DEDI MARIADI                            |                                        |41        |D2-PENJASKES                            |2006|39|0001105000|SPP|0001105000|0000000000|0000000000|0000000000|0000000000|0000000000|0000000000|0000000000|0000000000|0000000000|090708|113343|7000042   |7541|042|0039 SPPsetoran                         
2008-GANJIL|000000              |00000               |210700124           |LUES MIKAEL                             |                                        |21        |PPKN                                    |2007|39|0000805000|SPP|0000805000|0000000000|0000000000|0000000000|0000000000|0000000000|0000000000|0000000000|0000000000|0000000000|090708|114119|7000042   |7541|042|0039 SPPdaftar ulang                    
2008-GANJIL|000000              |00000               |120607771           |ANDRIAN                                 |                                        |12        |BIMBINGAN KONSELING                     |2006|39|0000805000|SPP|0000805000|0000000000|0000000000|0000000000|0000000000|0000000000|0000000000|0000000000|0000000000|0000000000|090708|141614|7000042   |7541|042|0039 SPPDAFTAR ULANG                    
2008-GANJIL|000000              |00000               |410609143           |YA'WANDI ALPUSARI                       |                                        |41        |D2-PENJASKES                            |2006|39|0001105000|SPP|0001105000|0000000000|0000000000|0000000000|0000000000|0000000000|0000000000|0000000000|0000000000|0000000000|100708|105239|0005944   |9031|042|0039 SPP 410609143/0708/0005944         
2008-GANJIL|000000              |00000               |120700126           |LINA                                    |                                        |12        |BIMBINGAN KONSELING                     |2007|39|0000805000|SPP|0000805000|0000000000|0000000000|0000000000|0000000000|0000000000|0000000000|0000000000|0000000000|0000000000|100708|131109|0005944   |9031|042|0039 SPP 120700126/0708/0005944         
2008-GANJIL|000000              |00000               |410609137           |YAHSYA                                  |                                        |41        |D2-PENJASKES                            |2006|39|0001105000|SPP|0001105000|0000000000|0000000000|0000000000|0000000000|0000000000|0000000000|0000000000|0000000000|0000000000|100708|103928|0006077   |9031|042|0039 SPP 410609137/0708/0006077         
2008-GANJIL|000000              |00000               |410700132           |IIM PRIZAWATI                           |                                        |41        |D2-PENJASKES                            |2007|39|0001105000|SPP|0001105000|0000000000|0000000000|0000000000|0000000000|0000000000|0000000000|0000000000|0000000000|0000000000|100708|105909|0006077   |9031|042|0039 SPP 410700132/0708/0006077         
2008-GANJIL|000000              |00000               |220700064           |DESI ARISANDI                           |                                        |22        |SEJARAH                                 |2007|39|0000805000|SPP|0000805000|0000000000|0000000000|0000000000|0000000000|0000000000|0000000000|0000000000|0000000000|0000000000|110708|074935|7000042   |7541|042|0039 SPPDaftar ulang.                   
2008-GANJIL|000000              |00000               |210608294           |SULASTRI                                |                                        |21        |PPKN                                    |2006|39|0000805000|SPP|0000805000|0000000000|0000000000|0000000000|0000000000|0000000000|0000000000|0000000000|0000000000|0000000000|110708|092444|7000042   |7541|042|0039 SPPstn                             
2008-GANJIL|000000              |00000               |210700143           |MERI IRIYANI                            |                                        |21        |PPKN                                    |2007|39|0000805000|SPP|0000805000|0000000000|0000000000|0000000000|0000000000|0000000000|0000000000|0000000000|0000000000|0000000000|110708|093203|7000042   |7541|042|0039 SPP                                
2008-GANJIL|000000              |00000               |410608654           |ARI KURNIAWATI                          |                                        |41        |D2-PENJASKES                            |2006|39|0001105000|SPP|0001105000|0000000000|0000000000|0000000000|0000000000|0000000000|0000000000|0000000000|0000000000|0000000000|110708|093751|7000042   |7541|042|0039 SPP                                
2008-GANJIL|000000              |00000               |220700215           |NANALIANI SUSI                          |                                        |22        |SEJARAH                                 |2007|39|0000805000|SPP|0000805000|0000000000|0000000000|0000000000|0000000000|0000000000|0000000000|0000000000|0000000000|0000000000|110708|093823|7000042   |7541|042|0039 SPPDAFTAR ULANG                    
2008-GANJIL|000000              |00000               |410608875           |LISA                                    |                                        |41        |D2-PENJASKES                            |2006|39|0001105000|SPP|0001105000|0000000000|0000000000|0000000000|0000000000|0000000000|0000000000|0000000000|0000000000|0000000000|110708|095040|7000042   |7541|042|0039 SPP                                
2008-GANJIL|000000              |00000               |220700153           |IMAS TRESNAWATI                         |                                        |22        |SEJARAH                                 |2007|39|0000805000|SPP|0000805000|0000000000|0000000000|0000000000|0000000000|0000000000|0000000000|0000000000|0000000000|0000000000|110708|101205|7000042   |7541|042|0039 SPPDAFTAR ULANG                    
2008-GANJIL|000000              |00000               |410608603           |ABU ANSHOR                              |                                        |41        |D2-PENJASKES                            |2006|39|0001105000|SPP|0001105000|0000000000|0000000000|0000000000|0000000000|0000000000|0000000000|0000000000|0000000000|0000000000|140708|150152|7000042   |7541|042|0039 SPP                                
2008-GANJIL|000000              |00000               |410608930           |NAZRAH                                  |                                        |41        |D2-PENJASKES                            |2006|39|0001105000|SPP|0001105000|0000000000|0000000000|0000000000|0000000000|0000000000|0000000000|0000000000|0000000000|0000000000|140708|102834|0005849   |9031|042|0039 SPP 410608930/0708/0005849         
2008-GANJIL|000000              |00000               |210406108           |KHRISTOPHA YUCE NOPHA                   |                                        |21        |PPKN                                    |2004|39|0000525000|SPP|0000525000|0000000000|0000000000|0000000000|0000000000|0000000000|0000000000|0000000000|0000000000|0000000000|140708|103251|0005849   |9031|042|0039 SPP 210406108/0708/0005849         
2008-GANJIL|000000              |00000               |410608868           |LHEVIANA FHENY                          |                                        |41        |D2-PENJASKES                            |2006|39|0001105000|SPP|0001105000|0000000000|0000000000|0000000000|0000000000|0000000000|0000000000|0000000000|0000000000|0000000000|140708|103459|0005849   |9031|042|0039 SPP 410608868/0708/0005849         
